A =[68 70;
18 13;
11 13;
2 0;
2 0;
143 154;
2 0;
14 10;
4 3;
114 117;
6 3;
90 58;
269 269;
2 0;
2 0;
2 0;
25 18;
6 4;
19 15;
2 0;
2 0;
5 2;
27 27;
2 0;
6 4;
2 1;
2 3;
2 2;
31 31;
26 26;
13 12;
2 0;
2 0;
20 7;
7 4;
26 39;
2 0;
11 22;
0 2;
1 5;
76 82;
0 2;
12 12;
32 29;
4 10;
0 2;
1 4;
0 2;
27 21;
10 10;
2 0;
29 24;
34 30;
1 0;
2 0;
50 16;
1 1;
67 90;
1 0;
15 18;
6 9;
13 7;
0 2;
25 30;
1 2;
121 122;
2 1;
5 5;
1 1;
126 120;
41 31;
1 2;
0 1;
39 42;
2 1;
9 7;
12 14;
0 1;
0 1;
3 0;
1 0;
7 5;
1 0;
7 5;
1 0;
6 7;
1 1;
2 5;
1 0;
61 60;
5 4;
1 0;
13 21;
2 0;
2 0;
1 0;
1 0;
1 0;
5 12;
1 0;
3 3;
3 1;
3 2;
0 2;
0 1;
0 1;
1 1;
11 10;
7 9;
0 2;
9 3;
0 2;
3 7;
0 1;
3 1;
1 1;
0 1;
5 3;
3 2;
0 1;
1 2;
11 16;
22 24;
26 17;
1 1;
1 0;
1 0;
3 2;
1 0;
4 2;
1 0;
14 9;
1 0;
11 11;
10 13;
42 40;
0 1;
17 32;
0 1;
5 7;
0 5;
20 23;
29 30;
0 2;
2 3;
0 1;
2 2;
1 0;
1 0;
1 0;
1 0;
10 5;
1 0;
1 0;
0 1;
0 1;
11 10;
0 2;
0 1;
20 23;
0 1;
14 17;
1 0;
1 0;
1 1;
1 0;
5 2;
1 0;
2 2;
1 0;
5 3;
1 1;
1 1;
0 1;
0 1;
11 9;
41 54;
2 4;
3 1;
46 39;
7 8;
3 3;
3 1;
1 0;
1 0;
1 1;
3 4;
1 0;
2 2;
1 0;
1 2;
15 7;
4 3;
8 13;
1 3;
0 3;
0 1;
2 4;
13 19;
8 7;
2 1;
0 1;
6 5;
0 1;
6 5;
1 2;
0 1;
1 1;
3 1;
1 2;
0 1;
0 8;
0 2;
2 2;
3 5;
1 1;
1 0;
1 1;
20 12;
2 0;
4 11;
1 0;
5 4;
1 0;
8 5;
2 0;
1 0;
2 0;
1 0;
3 2;
1 0;
0 1;
0 1;
0 2;
0 8;
0 2;
0 3;
0 1;
0 1;
6 1;
1 6;
3 2;
0 1;
0 2;
1 2;
1 3;
11 17;
0 1;
14 13;
5 5;
7 1;
2 1;
4 1;
1 0;
1 0;
4 1;
1 0;
7 7;
3 0;
2 0;
4 6;
2 0;
2 0;
10 9;
1 0;
2 1;
2 0;
2 0;
0 1;
0 1;
0 1;
0 1;
0 2;
2 6;
0 1;
2 5;
1 0;
1 0;
12 10;
1 0;
1 0;
4 1;
14 9;
12 11;
5 5;
1 0;
2 6;
1 1;
1 0;
4 9;
3 3;
0 2;
4 5;
3 5;
2 1;
5 20;
1 1;
6 1;
0 1;
1 2;
0 2;
0 1;
0 1;
1 0;
5 2;
1 0;
1 0;
1 0;
1 0;
1 0;
1 0;
1 0;
1 1;
5 1;
1 0;
1 0;
1 0;
1 0;
3 1;
1 0;
1 0;
1 0;
1 1;
1 0;
1 0;
2 2;
1 0;
1 0;
0 2;
14 7;
7 6;
35 33;
4 4;
1 0;
1 0;
2 1;
17 16;
0 1;
0 1;
0 1;
4 2;
1 1;
2 2;
6 1;
2 1;
0 1;
0 2;
0 2;
0 1;
0 1;
0 1;
0 2;
0 1;
0 1;
1 6;
0 2;
1 2;
6 4;
0 1;
0 1;
0 1;
0 1;
0 1;
0 1;
1 0;
2 0;
5 1;
3 6;
1 1;
22 16;
1 0;
1 1;
1 0;
1 0;
1 0;
1 0;
2 0;
1 2;
12 12;
0 3;
2 4;
1 3;
0 1;
3 4;
1 0;
4 2;
1 0;
1 0;
1 0;
2 2;
2 5;
1 1;
7 7;
13 6;
6 0;
1 0;
2 1;
1 0;
1 0;
1 0;
0 1;
2 6;
7 5;
0 1;
1 5;
0 1;
0 1;
0 1;
7 5;
5 5;
1 0;
1 0;
3 1;
1 0;
1 1;
1 0;
1 0;
1 0;
4 2;
1 0;
1 0;
1 0;
1 0;
2 0;
3 1;
3 5;
0 1;
0 1;
2 2;
2 2;
1 0;
1 0;
1 0;
3 1;
2 0;
1 1;
1 1;
1 0;
1 0;
3 5;
1 0;
3 3;
3 5;
0 1;
0 1;
0 1;
0 1;
1 2;
0 1;
1 4;
1 2;
3 8;
0 1;
0 1;
0 1;
2 3;
0 1;
1 1;
1 0;
1 0;
2 0;
1 1;
1 2;
1 0;
1 0;
1 0;
1 3;
1 0;
1 2;
0 2;
2 2;
0 2;
0 1;
0 1;
0 1;
0 2;
0 1;
0 1;
0 1;
1 0;
5 3;
10 7;
1 1;
2 0;
3 3;
1 0;
1 0;
1 1;
0 1;
0 3;
2 1;
6 7;
0 1;
0 1;
0 1;
0 1;
6 7;
0 1;
7 11;
0 1;
1 1;
0 1;
0 1;
1 0;
1 0;
2 1;
2 0;
1 0;
1 0;
2 0;
3 2;
1 0;
1 1;
4 7;
1 0;
4 0;
3 0;
0 1;
0 1;
0 1;
0 1;
0 2;
0 1;
0 1;
2 0;
2 2;
1 0;
1 0;
1 0;
1 1;
2 0;
1 0;
1 0;
1 0;
1 0;
2 5;
0 2;
0 1;
0 1;
6 6;
0 1;
4 0;
3 1;
1 0;
2 0;
1 1;
1 0;
1 0;
1 0;
0 3;
0 2;
0 1;
0 2;
0 2;
0 1;
1 5;
2 0;
1 0;
3 5;
3 6;
0 3;
0 2;
6 1;
0 2;
0 2;
2 2;
4 8;
8 19;
0 2;
0 1;
0 1;
1 1;
11 12;
0 1;
0 1;
3 1;
0 1;
0 1;
2 3;
0 1;
0 1;
0 1;
1 0;
1 0;
1 0;
1 0;
1 0;
1 0;
2 1;
1 0;
1 0;
0 1;
3 5;
1 2;
0 1;
0 1;
0 1;
0 1;
0 1;
0 1;
0 1;
1 0;
3 1;
1 0;
1 0;
1 0;
1 0;
1 0;
1 0;
1 1;
1 0;
2 2;
1 0;
1 1;
1 0;
0 1;
1 0;
1 0;
2 1;
1 0;
8 10;
0 3;
2 1;
0 3;
2 1;
0 1;
5 2;
2 3;
0 2;
0 3;
1 0;
1 1;
2 3;
1 0;
1 0;
0 1;
0 1;
0 2;
0 1;
0 1;
3 5;
1 0;
1 0;
1 0;
1 0;
2 0;
2 0;
2 3;
0 2;
3 2;
0 1;
1 1;
2 2;
1 2;
0 2;
0 1;
1 2;
0 1;
0 1;
0 1;
1 1;
0 1;
0 3;
5 5;
1 0;
1 2;
1 0;
1 0;
1 4;
1 2;
3 5;
9 11;
1 0;
4 1;
1 1;
1 0;
4 2;
3 3;
2 1;
4 2;
1 1;
3 1;
1 1;
0 1;
0 1;
0 1;
0 1;
0 2;
0 1;
0 1;
0 1;
1 0;
2 0;
1 0;
2 0;
2 6;
2 2;
0 2;
0 1;
1 0;
1 0;
1 0;
3 7;
0 2;
0 1;
0 1;
1 0;
1 0;
2 0;
1 0;
1 2;
1 1;
1 0;
2 2;
0 1;
0 1;
1 4;
0 1;
0 1;
0 1;
0 1;
0 1;
2 0;
1 1;
2 2;
1 1;
2 1;
1 0;
1 3;
0 1;
0 2;
0 1;
0 1;
0 1;
0 1;
1 3;
0 2;
0 1;
0 1;
0 1;
0 1;
0 2;
0 1;
1 1;
0 1;
1 0;
1 0;
1 0;
1 0;
1 1;
1 0;
2 0;
1 0;
1 1;
1 0;
7 2;
1 0;
0 2;
0 1;
0 1;
0 1;
1 1;
0 1;
0 1;
2 2;
2 3;
3 1;
1 0;
6 3;
1 0;
9 5;
1 1;
0 1;
0 1;
0 1;
0 1;
1 0;
1 0;
1 1;
2 2;
1 0;
0 1;
2 4;
2 3;
0 2;
0 1;
0 1;
2 2;
0 1;
0 1;
0 1;
0 2;
0 1;
0 1;
0 2;
1 2;
0 2;
0 1;
4 1;
1 0;
1 0;
1 1;
2 0;
1 0;
1 3;
0 1;
0 1;
0 2;
0 1;
0 2;
2 1;
0 1;
0 4;
0 1;
1 1;
1 0;
2 1;
1 0;
1 0;
1 0;
5 5;
1 0;
0 2;
3 4;
0 4;
0 1;
1 5;
1 0;
1 0;
1 1;
3 2;
0 1;
0 1;
1 3;
0 1;
1 1;
2 1;
2 0;
2 0;
1 0;
3 1;
4 7;
1 0;
1 0;
1 0;
2 3;
3 3;
1 0;
1 0;
3 4;
1 2;
0 1;
1 2;
5 2;
2 1;
0 1;
0 1;
0 1;
0 1;
1 0;
1 1;
0 1;
0 1;
0 1;
0 1;
0 2;
0 1;
0 1;
0 2;
2 2;
0 1;
1 0;
1 0;
1 0;
3 1;
1 0;
1 1;
5 1;
0 1;
2 2;
2 2;
0 1;
0 1;
2 3;
1 0;
1 0;
0 2;
1 1;
0 1;
1 1;
0 1;
0 1;
1 1;
0 1;
0 1;
1 0;
2 2;
1 0;
1 0;
1 0;
5 4;
3 1;
1 0;
1 2;
9 13;
0 1;
0 1;
0 1;
1 1;
0 1;
0 1;
0 1;
0 2;
0 1;
0 1;
0 1;
0 1;
0 1;
6 3;
5 3;
3 3;
2 3;
4 2;
1 1;
3 2;
3 1;
0 1;
0 1;
3 2;
1 1;
1 0;
1 2;
1 0;
1 1;
1 0;
2 3;
1 0;
1 0;
7 1;
1 0;
1 0;
1 0;
0 1;
2 2;
3 1;
5 4;
1 0;
1 1;
2 0;
0 2;
0 3;
0 1;
0 1;
0 1;
0 1;
2 2;
0 1;
1 3;
0 1;
0 1;
0 1;
0 1;
0 1;
1 2;
0 1;
0 1;
3 0;
1 2;
1 1;
5 1;
5 1;
2 1;
1 0;
3 3;
1 1;
1 3;
1 2;
3 2;
0 1;
0 1;
0 1;
1 1;
0 1;
0 1;
0 2;
1 0;
1 0;
6 2;
5 0;
1 1;
1 0;
2 0;
2 0;
2 2;
1 0;
3 3;
4 1;
1 1;
1 0;
3 0;
0 1;
0 1;
0 1;
0 1;
2 0;
1 0;
1 0;
1 0;
1 0;
0 1;
1 1;
1 1;
0 1;
2 2;
0 1;
0 1;
1 1;
1 3;
0 1;
1 1;
0 1;
0 3;
0 2;
0 3;
1 1;
0 2;
1 0;
1 0;
1 0;
1 1;
1 0;
2 0;
1 0;
1 0;
0 1;
0 1;
0 1;
0 1;
0 1;
0 1;
0 1;
0 1;
0 1;
0 1;
0 1;
0 1;
0 1;
0 1;
0 1;
0 1;
0 1;
1 0;
1 0;
1 0;
1 0;
1 0;
1 0;
3 0;
1 0;
2 1;
0 2;
0 1;
3 2;
0 1;
0 1;
0 1;
0 1;
0 1;
0 1;
0 1;
0 1;
1 0;
1 0;
1 0;
1 0;
1 1;
1 0;
1 0;
0 1;
3 3;
0 1;
0 3;
0 2;
0 1;
1 1;
1 0;
2 0;
1 1;
1 0;
1 0;
1 2;
1 0;
1 0;
1 1;
1 0;
1 0;
1 0;
1 0;
0 1;
0 2;
0 1;
0 1;
0 1;
0 1;
0 1;
0 1;
1 0;
3 2;
1 0;
1 0;
2 0;
1 1;
0 1;
0 2;
0 9;
1 1;
1 0;
1 0;
1 0;
1 0;
1 0;
1 0;
1 0;
1 0;
1 0;
1 0;
1 0;
1 0;
1 1;
0 1;
0 1;
0 1;
0 2;
3 0;
2 1;
1 0;
4 2;
1 0;
1 0;
1 0;
1 0;
0 1;
0 1;
0 1;
0 1;
2 3;
1 0;
1 0;
1 0;
1 1;
1 1;
2 0;
0 1;
1 1;
0 2;
0 1;
0 1;
0 2;
0 1;
0 1;
0 1;
1 1;
1 0;
2 0;
1 0;
1 0;
4 0;
1 0;
4 2;
1 5;
1 1;
0 1;
0 2;
2 3;
1 1;
0 2;
0 1;
0 1;
0 1;
0 1;
0 1;
0 1;
0 1;
0 1;
1 5;
2 0;
1 0;
2 1;
0 1;
5 5;
1 1;
0 1;
0 1;
1 1;
0 1;
1 1;
0 1;
0 2;
0 1;
0 1;
0 1;
0 1;
0 1;
1 1;
0 1;
0 1;
0 1;
1 0;
1 0;
1 1;
2 0;
1 0;
0 2;
0 1;
0 1;
0 1;
0 1;
0 2;
0 1;
0 1;
0 1;
0 1;
0 1;
1 0;
2 0;
0 1;
0 1;
0 1;
0 1;
0 2;
0 1;
1 1;
1 0;
0 1;
2 4;
0 1;
0 1;
0 1;
0 1;
1 1;
0 2;
1 2;
0 1;
2 2;
1 1;
1 0;
0 1;
0 1;
0 1;
0 2;
0 1;
3 0;
4 2;
1 0;
1 0;
1 1;
1 0;
1 1;
0 1;
0 1;
1 1;
1 0;
1 0;
1 0;
3 0;
1 0;
1 0;
1 1;
1 1;
0 1;
0 1;
1 2;
0 1;
11 6;
0 1;
1 2;
0 1;
1 0;
1 0;
1 0;
2 1;
1 2;
1 2;
1 1;
0 1;
0 1;
0 1;
1 0;
1 0;
2 1;
1 0;
1 0;
2 1;
0 1;
0 1;
0 2;
0 1;
1 0;
1 0;
1 0;
1 0;
1 0;
1 2;
1 0;
0 1;
0 1;
1 0;
1 0;
1 0;
1 1;
2 0;
1 0;
1 1;
1 0;
1 0;
1 0;
1 0;
2 0;
2 0;
1 0;
1 1;
0 1;
3 2;
0 1;
0 1;
0 1;
0 1;
0 1;
1 2;
0 2;
0 1;
0 1;
1 2;
1 1;
0 1;
1 0;
1 0;
1 1;
1 1;
1 0;
2 1;
0 1;
0 3;
0 1;
0 1;
1 0;
1 0;
2 0;
2 1;
1 0;
1 0;
1 0;
1 0;
0 1;
0 1;
0 1;
1 0;
1 0;
5 6;
1 0;
1 1;
0 1;
1 1;
1 1;
0 2;
0 1;
1 1;
0 1;
0 1;
0 1;
0 1;
0 1;
0 1;
0 1;
0 1;
4 1;
1 0;
1 1;
1 0;
1 0;
1 0;
1 1;
0 1;
1 1;
0 1;
3 2;
0 1;
0 2;
0 1;
0 1;
0 1;
0 2;
3 2;
0 2;
0 1;
1 1;
1 0;
1 0;
1 0;
3 1;
0 1;
0 1;
0 1;
0 1;
0 1;
0 1;
1 3;
0 1;
0 1;
0 1;
0 1;
1 0;
1 0;
1 0;
0 1;
0 3;
0 1;
0 1;
0 1;
0 1;
0 1;
1 2;
1 1;
1 0;
1 1;
1 0;
1 0;
2 0;
2 0;
2 0;
1 0;
2 0;
1 0;
0 1;
0 1;
0 1;
0 1;
0 1;
0 1;
0 1;
0 1;
0 1;
0 1;
0 1;
0 1;
0 1;
0 1;
2 0;
2 0;
2 1;
1 0;
1 0;
1 1;
1 0;
1 0;
5 2;
1 0;
1 1;
1 1;
0 1;
0 1;
1 1;
2 2;
1 2;
1 0;
2 0;
1 0;
0 1;
2 1;
2 0;
1 0;
1 1;
1 1;
1 0;
0 1;
0 1;
0 1;
0 1;
0 1;
1 0;
1 0;
1 0;
1 0;
1 0;
1 1;
1 1;
1 0;
1 0;
1 1;
0 1;
0 1;
1 1;
0 1;
0 1;
0 1;
0 1;
1 1;
2 1;
1 0;
0 1;
0 1;
0 1;
0 1;
0 1;
1 0;
0 2;
2 0;
1 0;
1 0;
1 0;
4 0;
1 1;
1 0;
1 0;
2 0;
1 0;
2 4;
1 0;
0 1;
0 1;
0 1;
0 1;
0 1;
1 1;
2 1;
1 0;
1 0;
2 0;
1 0;
1 0;
1 0;
0 1;
0 2;
1 1;
3 3;
2 1;
0 2;
1 1;
0 1;
0 1;
1 0;
1 0;
1 0;
1 0;
1 1;
2 0;
0 1;
1 0;
1 0;
1 0;
1 0;
1 0;
1 0;
1 0;
1 0;
1 0;
1 0;
1 1;
0 1;
0 1;
1 1;
1 0;
1 0;
0 1;
0 1;
0 1;
0 1;
2 0;
